trace_num,human_majority,human_agreement,human_Kavin,human_Fahim,human_Yurun,human_Daivik,human_Gerard,human_Gezheng,GPT (Kavin),GPT (Fahim),Llama (Kavin),Llama (Fahim),gpt_majority,llama_majority,all_llm_majority
6,RETRY,0.67,REPLAN,RETRY,RETRY,RETRY,REPLAN,RETRY,REPLAN,REPLAN,REPLAN,REPLAN,REPLAN,REPLAN,REPLAN
11,LOCAL_REPAIR,0.83,LOCAL_REPAIR,LOCAL_REPAIR,LOCAL_REPAIR,LOCAL_REPAIR,REPLAN,LOCAL_REPAIR,REPLAN,REPLAN,RETRY,RETRY,REPLAN,RETRY,REPLAN
20,LOCAL_REPAIR,0.50,LOCAL_REPAIR,RETRY,LOCAL_REPAIR,RETRY,LOCAL_REPAIR,RETRY,RETRY,RETRY,RETRY,RETRY,RETRY,RETRY,RETRY
33,TOOL_FIX,1.00,TOOL_FIX,TOOL_FIX,TOOL_FIX,TOOL_FIX,TOOL_FIX,TOOL_FIX,REPLAN,REPLAN,REPLAN,REPLAN,REPLAN,REPLAN,REPLAN
49,TOOL_FIX,0.67,REPLAN,TOOL_FIX,REPLAN,TOOL_FIX,TOOL_FIX,TOOL_FIX,REPLAN,REPLAN,REPLAN,REPLAN,REPLAN,REPLAN,REPLAN
69,LOCAL_REPAIR,0.33,LOCAL_REPAIR,TOOL_FIX,REPLAN,LOCAL_REPAIR,RETRY,REPLAN,REPLAN,REPLAN,REPLAN,RETRY,REPLAN,REPLAN,REPLAN
77,TOOL_FIX,1.00,TOOL_FIX,TOOL_FIX,TOOL_FIX,TOOL_FIX,TOOL_FIX,TOOL_FIX,REPLAN,REPLAN,REPLAN,REPLAN,REPLAN,REPLAN,REPLAN
92,RETRY,0.50,LOCAL_REPAIR,RETRY,REPLAN,RETRY,REPLAN,RETRY,ESCALATE,TOOL_FIX,REPLAN,REPLAN,ESCALATE,REPLAN,REPLAN
104,TOOL_FIX,1.00,TOOL_FIX,TOOL_FIX,TOOL_FIX,TOOL_FIX,TOOL_FIX,TOOL_FIX,REPLAN,REPLAN,REPLAN,REPLAN,REPLAN,REPLAN,REPLAN
105,TOOL_FIX,1.00,TOOL_FIX,TOOL_FIX,TOOL_FIX,TOOL_FIX,TOOL_FIX,TOOL_FIX,REPLAN,REPLAN,REPLAN,REPLAN,REPLAN,REPLAN,REPLAN
114,TOOL_FIX,1.00,TOOL_FIX,TOOL_FIX,TOOL_FIX,TOOL_FIX,TOOL_FIX,TOOL_FIX,RETRY,REPLAN,REPLAN,REPLAN,RETRY,REPLAN,REPLAN
120,TOOL_FIX,0.83,TOOL_FIX,TOOL_FIX,TOOL_FIX,TOOL_FIX,REPLAN,TOOL_FIX,REPLAN,REPLAN,REPLAN,REPLAN,REPLAN,REPLAN,REPLAN
124,LOCAL_REPAIR,0.83,TOOL_FIX,LOCAL_REPAIR,LOCAL_REPAIR,LOCAL_REPAIR,LOCAL_REPAIR,LOCAL_REPAIR,TOOL_FIX,TOOL_FIX,TOOL_FIX,TOOL_FIX,TOOL_FIX,TOOL_FIX,TOOL_FIX
142,LOCAL_REPAIR,0.33,LOCAL_REPAIR,REPLAN,REPLAN,RETRY,RETRY,LOCAL_REPAIR,RETRY,REPLAN,REPLAN,REPLAN,RETRY,REPLAN,REPLAN
147,TOOL_FIX,1.00,TOOL_FIX,TOOL_FIX,TOOL_FIX,TOOL_FIX,TOOL_FIX,TOOL_FIX,REPLAN,REPLAN,REPLAN,REPLAN,REPLAN,REPLAN,REPLAN
154,TOOL_FIX,0.83,TOOL_FIX,TOOL_FIX,TOOL_FIX,TOOL_FIX,REPLAN,TOOL_FIX,REPLAN,REPLAN,REPLAN,REPLAN,REPLAN,REPLAN,REPLAN
155,TOOL_FIX,1.00,TOOL_FIX,TOOL_FIX,TOOL_FIX,TOOL_FIX,TOOL_FIX,TOOL_FIX,RETRY,RETRY,REPLAN,REPLAN,RETRY,REPLAN,RETRY
159,TOOL_FIX,0.83,TOOL_FIX,TOOL_FIX,LOCAL_REPAIR,TOOL_FIX,TOOL_FIX,TOOL_FIX,REPLAN,REPLAN,REPLAN,REPLAN,REPLAN,REPLAN,REPLAN
161,TOOL_FIX,0.67,REPLAN,TOOL_FIX,TOOL_FIX,TOOL_FIX,TOOL_FIX,REPLAN,REPLAN,REPLAN,REPLAN,REPLAN,REPLAN,REPLAN,REPLAN
172,TOOL_FIX,1.00,TOOL_FIX,TOOL_FIX,TOOL_FIX,TOOL_FIX,TOOL_FIX,TOOL_FIX,REPLAN,REPLAN,REPLAN,REPLAN,REPLAN,REPLAN,REPLAN
174,LOCAL_REPAIR,0.67,LOCAL_REPAIR,TOOL_FIX,LOCAL_REPAIR,LOCAL_REPAIR,RETRY,LOCAL_REPAIR,RETRY,RETRY,REPLAN,REPLAN,RETRY,REPLAN,RETRY
177,TOOL_FIX,1.00,TOOL_FIX,TOOL_FIX,TOOL_FIX,TOOL_FIX,TOOL_FIX,TOOL_FIX,REPLAN,RETRY,REPLAN,REPLAN,REPLAN,REPLAN,REPLAN
192,TOOL_FIX,1.00,TOOL_FIX,TOOL_FIX,TOOL_FIX,TOOL_FIX,TOOL_FIX,TOOL_FIX,REPLAN,REPLAN,REPLAN,REPLAN,REPLAN,REPLAN,REPLAN
196,LOCAL_REPAIR,0.50,LOCAL_REPAIR,RETRY,REPLAN,LOCAL_REPAIR,REPLAN,LOCAL_REPAIR,RETRY,TOOL_FIX,REPLAN,REPLAN,RETRY,REPLAN,REPLAN
203,TOOL_FIX,0.83,TOOL_FIX,TOOL_FIX,TOOL_FIX,TOOL_FIX,REPLAN,TOOL_FIX,REPLAN,REPLAN,REPLAN,REPLAN,REPLAN,REPLAN,REPLAN
205,TOOL_FIX,1.00,TOOL_FIX,TOOL_FIX,TOOL_FIX,TOOL_FIX,TOOL_FIX,TOOL_FIX,REPLAN,RETRY,REPLAN,REPLAN,REPLAN,REPLAN,REPLAN
213,LOCAL_REPAIR,0.67,LOCAL_REPAIR,LOCAL_REPAIR,RETRY,LOCAL_REPAIR,REPLAN,LOCAL_REPAIR,REPLAN,REPLAN,REPLAN,REPLAN,REPLAN,REPLAN,REPLAN
216,TOOL_FIX,1.00,TOOL_FIX,TOOL_FIX,TOOL_FIX,TOOL_FIX,TOOL_FIX,TOOL_FIX,RETRY,REPLAN,REPLAN,REPLAN,RETRY,REPLAN,REPLAN
218,LOCAL_REPAIR,0.83,LOCAL_REPAIR,LOCAL_REPAIR,LOCAL_REPAIR,LOCAL_REPAIR,RETRY,LOCAL_REPAIR,REPLAN,RETRY,REPLAN,REPLAN,REPLAN,REPLAN,REPLAN
223,LOCAL_REPAIR,0.83,LOCAL_REPAIR,TOOL_FIX,LOCAL_REPAIR,LOCAL_REPAIR,LOCAL_REPAIR,LOCAL_REPAIR,REPLAN,TOOL_FIX,REPLAN,REPLAN,REPLAN,REPLAN,REPLAN
225,LOCAL_REPAIR,0.50,LOCAL_REPAIR,REPLAN,LOCAL_REPAIR,LOCAL_REPAIR,RETRY,TOOL_FIX,REPLAN,REPLAN,REPLAN,REPLAN,REPLAN,REPLAN,REPLAN
233,LOCAL_REPAIR,0.67,LOCAL_REPAIR,RETRY,REPLAN,LOCAL_REPAIR,LOCAL_REPAIR,LOCAL_REPAIR,RETRY,RETRY,REPLAN,REPLAN,RETRY,REPLAN,RETRY
235,LOCAL_REPAIR,1.00,LOCAL_REPAIR,LOCAL_REPAIR,LOCAL_REPAIR,LOCAL_REPAIR,LOCAL_REPAIR,LOCAL_REPAIR,REPLAN,REPLAN,REPLAN,REPLAN,REPLAN,REPLAN,REPLAN
245,TOOL_FIX,1.00,TOOL_FIX,TOOL_FIX,TOOL_FIX,TOOL_FIX,TOOL_FIX,TOOL_FIX,REPLAN,REPLAN,REPLAN,REPLAN,REPLAN,REPLAN,REPLAN
251,RETRY,0.67,RETRY,REPLAN,REPLAN,RETRY,RETRY,RETRY,REPLAN,REPLAN,REPLAN,REPLAN,REPLAN,REPLAN,REPLAN
285,REPLAN,1.00,REPLAN,REPLAN,REPLAN,REPLAN,REPLAN,REPLAN,RETRIEVE_MORE,RETRIEVE_MORE,RETRIEVE_MORE,RETRIEVE_MORE,RETRIEVE_MORE,RETRIEVE_MORE,RETRIEVE_MORE
289,REPLAN,1.00,REPLAN,REPLAN,REPLAN,REPLAN,REPLAN,REPLAN,RETRIEVE_MORE,RETRIEVE_MORE,RETRY,RETRIEVE_MORE,RETRIEVE_MORE,RETRY,RETRIEVE_MORE
291,REPLAN,0.83,REPLAN,REPLAN,REPLAN,REPLAN,RETRIEVE_MORE,REPLAN,RETRIEVE_MORE,RETRIEVE_MORE,RETRIEVE_MORE,RETRIEVE_MORE,RETRIEVE_MORE,RETRIEVE_MORE,RETRIEVE_MORE
294,REPLAN,1.00,REPLAN,REPLAN,REPLAN,REPLAN,REPLAN,REPLAN,RETRIEVE_MORE,RETRIEVE_MORE,RETRIEVE_MORE,RETRIEVE_MORE,RETRIEVE_MORE,RETRIEVE_MORE,RETRIEVE_MORE
295,REPLAN,1.00,REPLAN,REPLAN,REPLAN,REPLAN,REPLAN,REPLAN,RETRIEVE_MORE,RETRIEVE_MORE,RETRIEVE_MORE,RETRIEVE_MORE,RETRIEVE_MORE,RETRIEVE_MORE,RETRIEVE_MORE
297,REPLAN,1.00,REPLAN,REPLAN,REPLAN,REPLAN,REPLAN,REPLAN,RETRIEVE_MORE,RETRIEVE_MORE,RETRIEVE_MORE,RETRIEVE_MORE,RETRIEVE_MORE,RETRIEVE_MORE,RETRIEVE_MORE
299,REPLAN,1.00,REPLAN,REPLAN,REPLAN,REPLAN,REPLAN,REPLAN,RETRIEVE_MORE,RETRIEVE_MORE,RETRIEVE_MORE,RETRIEVE_MORE,RETRIEVE_MORE,RETRIEVE_MORE,RETRIEVE_MORE
301,TOOL_FIX,1.00,TOOL_FIX,TOOL_FIX,TOOL_FIX,TOOL_FIX,TOOL_FIX,TOOL_FIX,RETRIEVE_MORE,RETRIEVE_MORE,RETRIEVE_MORE,RETRIEVE_MORE,RETRIEVE_MORE,RETRIEVE_MORE,RETRIEVE_MORE
309,REPLAN,0.50,REPLAN,RETRIEVE_MORE,RETRIEVE_MORE,RETRY,REPLAN,REPLAN,RETRIEVE_MORE,RETRIEVE_MORE,RETRIEVE_MORE,RETRIEVE_MORE,RETRIEVE_MORE,RETRIEVE_MORE,RETRIEVE_MORE
318,REPLAN,0.67,RETRY,REPLAN,REPLAN,REPLAN,RETRY,REPLAN,RETRIEVE_MORE,RETRIEVE_MORE,RETRIEVE_MORE,RETRIEVE_MORE,RETRIEVE_MORE,RETRIEVE_MORE,RETRIEVE_MORE
335,REPLAN,0.83,REPLAN,REPLAN,REPLAN,REPLAN,RETRIEVE_MORE,REPLAN,RETRIEVE_MORE,RETRIEVE_MORE,RETRIEVE_MORE,RETRIEVE_MORE,RETRIEVE_MORE,RETRIEVE_MORE,RETRIEVE_MORE
339,REPLAN,0.83,REPLAN,REPLAN,REPLAN,REPLAN,RETRIEVE_MORE,REPLAN,RETRIEVE_MORE,RETRIEVE_MORE,RETRIEVE_MORE,RETRIEVE_MORE,RETRIEVE_MORE,RETRIEVE_MORE,RETRIEVE_MORE
345,ESCALATE,0.83,ESCALATE,RETRIEVE_MORE,ESCALATE,ESCALATE,ESCALATE,ESCALATE,RETRIEVE_MORE,RETRIEVE_MORE,RETRIEVE_MORE,RETRIEVE_MORE,RETRIEVE_MORE,RETRIEVE_MORE,RETRIEVE_MORE
347,REPLAN,0.83,REPLAN,REPLAN,REPLAN,REPLAN,RETRIEVE_MORE,REPLAN,RETRIEVE_MORE,RETRIEVE_MORE,RETRIEVE_MORE,RETRIEVE_MORE,RETRIEVE_MORE,RETRIEVE_MORE,RETRIEVE_MORE
348,REPLAN,0.67,REPLAN,REPLAN,REPLAN,RETRY,RETRIEVE_MORE,REPLAN,RETRIEVE_MORE,RETRIEVE_MORE,RETRIEVE_MORE,RETRIEVE_MORE,RETRIEVE_MORE,RETRIEVE_MORE,RETRIEVE_MORE
355,REPLAN,0.67,REPLAN,RETRIEVE_MORE,REPLAN,REPLAN,RETRIEVE_MORE,REPLAN,TOOL_FIX,TOOL_FIX,RETRIEVE_MORE,RETRIEVE_MORE,TOOL_FIX,RETRIEVE_MORE,TOOL_FIX
363,REPLAN,1.00,REPLAN,REPLAN,REPLAN,REPLAN,REPLAN,REPLAN,RETRIEVE_MORE,RETRIEVE_MORE,RETRIEVE_MORE,RETRIEVE_MORE,RETRIEVE_MORE,RETRIEVE_MORE,RETRIEVE_MORE
364,REPLAN,1.00,REPLAN,REPLAN,REPLAN,REPLAN,REPLAN,REPLAN,RETRIEVE_MORE,RETRIEVE_MORE,RETRIEVE_MORE,RETRIEVE_MORE,RETRIEVE_MORE,RETRIEVE_MORE,RETRIEVE_MORE
366,REPLAN,0.50,REPLAN,RETRIEVE_MORE,RETRIEVE_MORE,REPLAN,REPLAN,RETRIEVE_MORE,RETRIEVE_MORE,RETRIEVE_MORE,RETRIEVE_MORE,RETRIEVE_MORE,RETRIEVE_MORE,RETRIEVE_MORE,RETRIEVE_MORE
373,REPLAN,0.50,REPLAN,RETRIEVE_MORE,RETRIEVE_MORE,REPLAN,RETRIEVE_MORE,REPLAN,RETRIEVE_MORE,RETRIEVE_MORE,RETRIEVE_MORE,RETRIEVE_MORE,RETRIEVE_MORE,RETRIEVE_MORE,RETRIEVE_MORE
375,REPLAN,0.83,REPLAN,REPLAN,REPLAN,REPLAN,RETRIEVE_MORE,REPLAN,TOOL_FIX,RETRIEVE_MORE,RETRIEVE_MORE,RETRIEVE_MORE,TOOL_FIX,RETRIEVE_MORE,RETRIEVE_MORE
381,REPLAN,1.00,REPLAN,REPLAN,REPLAN,REPLAN,REPLAN,REPLAN,RETRIEVE_MORE,RETRIEVE_MORE,RETRIEVE_MORE,RETRIEVE_MORE,RETRIEVE_MORE,RETRIEVE_MORE,RETRIEVE_MORE
382,RETRY,0.50,REPLAN,RETRY,REPLAN,RETRY,RETRIEVE_MORE,RETRY,RETRIEVE_MORE,RETRIEVE_MORE,RETRIEVE_MORE,RETRIEVE_MORE,RETRIEVE_MORE,RETRIEVE_MORE,RETRIEVE_MORE
385,REPLAN,0.83,REPLAN,REPLAN,REPLAN,REPLAN,RETRIEVE_MORE,REPLAN,RETRIEVE_MORE,RETRIEVE_MORE,RETRIEVE_MORE,RETRIEVE_MORE,RETRIEVE_MORE,RETRIEVE_MORE,RETRIEVE_MORE
386,RETRIEVE_MORE,0.50,RETRIEVE_MORE,REPLAN,REPLAN,RETRIEVE_MORE,RETRIEVE_MORE,REPLAN,TOOL_FIX,TOOL_FIX,REPLAN,REPLAN,TOOL_FIX,REPLAN,TOOL_FIX
391,REPLAN,1.00,REPLAN,REPLAN,REPLAN,REPLAN,REPLAN,REPLAN,RETRIEVE_MORE,RETRIEVE_MORE,RETRIEVE_MORE,RETRIEVE_MORE,RETRIEVE_MORE,RETRIEVE_MORE,RETRIEVE_MORE
394,REPLAN,0.67,REPLAN,REPLAN,REPLAN,RETRY,RETRIEVE_MORE,REPLAN,RETRIEVE_MORE,RETRIEVE_MORE,RETRY,RETRIEVE_MORE,RETRIEVE_MORE,RETRY,RETRIEVE_MORE
395,REPLAN,0.83,REPLAN,REPLAN,REPLAN,REPLAN,RETRIEVE_MORE,REPLAN,RETRIEVE_MORE,RETRIEVE_MORE,RETRIEVE_MORE,RETRIEVE_MORE,RETRIEVE_MORE,RETRIEVE_MORE,RETRIEVE_MORE
402,REPLAN,1.00,REPLAN,REPLAN,REPLAN,REPLAN,REPLAN,REPLAN,RETRIEVE_MORE,RETRIEVE_MORE,RETRIEVE_MORE,RETRIEVE_MORE,RETRIEVE_MORE,RETRIEVE_MORE,RETRIEVE_MORE
405,REPLAN,0.83,REPLAN,REPLAN,REPLAN,REPLAN,RETRIEVE_MORE,REPLAN,RETRIEVE_MORE,RETRIEVE_MORE,RETRIEVE_MORE,RETRIEVE_MORE,RETRIEVE_MORE,RETRIEVE_MORE,RETRIEVE_MORE
408,REPLAN,0.83,REPLAN,REPLAN,REPLAN,REPLAN,RETRIEVE_MORE,REPLAN,RETRIEVE_MORE,RETRIEVE_MORE,RETRIEVE_MORE,RETRIEVE_MORE,RETRIEVE_MORE,RETRIEVE_MORE,RETRIEVE_MORE
411,REPLAN,0.83,REPLAN,REPLAN,REPLAN,REPLAN,RETRIEVE_MORE,REPLAN,RETRIEVE_MORE,RETRIEVE_MORE,RETRIEVE_MORE,RETRIEVE_MORE,RETRIEVE_MORE,RETRIEVE_MORE,RETRIEVE_MORE
413,REPLAN,0.83,REPLAN,REPLAN,REPLAN,REPLAN,RETRIEVE_MORE,REPLAN,RETRIEVE_MORE,RETRIEVE_MORE,RETRIEVE_MORE,RETRIEVE_MORE,RETRIEVE_MORE,RETRIEVE_MORE,RETRIEVE_MORE
417,REPLAN,1.00,REPLAN,REPLAN,REPLAN,REPLAN,REPLAN,REPLAN,RETRIEVE_MORE,RETRIEVE_MORE,RETRIEVE_MORE,RETRIEVE_MORE,RETRIEVE_MORE,RETRIEVE_MORE,RETRIEVE_MORE
418,REPLAN,0.83,REPLAN,REPLAN,REPLAN,REPLAN,RETRIEVE_MORE,REPLAN,RETRIEVE_MORE,RETRIEVE_MORE,RETRIEVE_MORE,RETRIEVE_MORE,RETRIEVE_MORE,RETRIEVE_MORE,RETRIEVE_MORE
422,REPLAN,0.50,REPLAN,REPLAN,RETRIEVE_MORE,RETRIEVE_MORE,REPLAN,RETRIEVE_MORE,RETRIEVE_MORE,RETRIEVE_MORE,RETRIEVE_MORE,RETRIEVE_MORE,RETRIEVE_MORE,RETRIEVE_MORE,RETRIEVE_MORE
427,REPLAN,0.67,REPLAN,REPLAN,RETRIEVE_MORE,REPLAN,RETRIEVE_MORE,REPLAN,RETRIEVE_MORE,RETRIEVE_MORE,RETRIEVE_MORE,RETRIEVE_MORE,RETRIEVE_MORE,RETRIEVE_MORE,RETRIEVE_MORE
429,REPLAN,0.67,REPLAN,REPLAN,RETRIEVE_MORE,REPLAN,RETRIEVE_MORE,REPLAN,RETRIEVE_MORE,RETRIEVE_MORE,RETRIEVE_MORE,RETRIEVE_MORE,RETRIEVE_MORE,RETRIEVE_MORE,RETRIEVE_MORE
438,REPLAN,0.50,RETRY,REPLAN,REPLAN,RETRY,TOOL_FIX,REPLAN,RETRY,TOOL_FIX,RETRIEVE_MORE,RETRIEVE_MORE,RETRY,RETRIEVE_MORE,RETRIEVE_MORE
440,REPLAN,0.83,REPLAN,REPLAN,REPLAN,REPLAN,RETRIEVE_MORE,REPLAN,RETRIEVE_MORE,RETRIEVE_MORE,RETRIEVE_MORE,RETRIEVE_MORE,RETRIEVE_MORE,RETRIEVE_MORE,RETRIEVE_MORE
443,REPLAN,0.83,REPLAN,REPLAN,REPLAN,REPLAN,RETRIEVE_MORE,REPLAN,RETRIEVE_MORE,RETRIEVE_MORE,RETRIEVE_MORE,RETRIEVE_MORE,RETRIEVE_MORE,RETRIEVE_MORE,RETRIEVE_MORE
445,REPLAN,1.00,REPLAN,REPLAN,REPLAN,REPLAN,REPLAN,REPLAN,RETRIEVE_MORE,RETRIEVE_MORE,RETRIEVE_MORE,RETRIEVE_MORE,RETRIEVE_MORE,RETRIEVE_MORE,RETRIEVE_MORE
446,REPLAN,0.83,REPLAN,REPLAN,REPLAN,REPLAN,RETRIEVE_MORE,REPLAN,RETRIEVE_MORE,RETRIEVE_MORE,RETRIEVE_MORE,RETRIEVE_MORE,RETRIEVE_MORE,RETRIEVE_MORE,RETRIEVE_MORE
447,REPLAN,0.83,REPLAN,REPLAN,REPLAN,REPLAN,RETRIEVE_MORE,REPLAN,RETRIEVE_MORE,RETRIEVE_MORE,RETRIEVE_MORE,RETRIEVE_MORE,RETRIEVE_MORE,RETRIEVE_MORE,RETRIEVE_MORE
456,RETRY,0.67,RETRY,REPLAN,REPLAN,RETRY,RETRY,RETRY,RETRIEVE_MORE,RETRIEVE_MORE,RETRIEVE_MORE,RETRIEVE_MORE,RETRIEVE_MORE,RETRIEVE_MORE,RETRIEVE_MORE
458,REPLAN,0.83,REPLAN,REPLAN,REPLAN,REPLAN,RETRIEVE_MORE,REPLAN,RETRIEVE_MORE,RETRIEVE_MORE,RETRIEVE_MORE,RETRIEVE_MORE,RETRIEVE_MORE,RETRIEVE_MORE,RETRIEVE_MORE
473,TOOL_FIX,1.00,TOOL_FIX,TOOL_FIX,TOOL_FIX,TOOL_FIX,TOOL_FIX,TOOL_FIX,RETRIEVE_MORE,RETRIEVE_MORE,RETRIEVE_MORE,RETRIEVE_MORE,RETRIEVE_MORE,RETRIEVE_MORE,RETRIEVE_MORE
474,TOOL_FIX,1.00,TOOL_FIX,TOOL_FIX,TOOL_FIX,TOOL_FIX,TOOL_FIX,TOOL_FIX,RETRIEVE_MORE,RETRIEVE_MORE,RETRIEVE_MORE,RETRIEVE_MORE,RETRIEVE_MORE,RETRIEVE_MORE,RETRIEVE_MORE
478,REPLAN,0.50,REPLAN,TOOL_FIX,TOOL_FIX,REPLAN,TOOL_FIX,REPLAN,RETRIEVE_MORE,TOOL_FIX,RETRIEVE_MORE,RETRIEVE_MORE,RETRIEVE_MORE,RETRIEVE_MORE,RETRIEVE_MORE
479,REPLAN,0.50,REPLAN,TOOL_FIX,TOOL_FIX,REPLAN,RETRIEVE_MORE,REPLAN,RETRIEVE_MORE,RETRIEVE_MORE,RETRIEVE_MORE,RETRIEVE_MORE,RETRIEVE_MORE,RETRIEVE_MORE,RETRIEVE_MORE
486,TOOL_FIX,1.00,TOOL_FIX,TOOL_FIX,TOOL_FIX,TOOL_FIX,TOOL_FIX,TOOL_FIX,RETRIEVE_MORE,RETRIEVE_MORE,RETRIEVE_MORE,RETRIEVE_MORE,RETRIEVE_MORE,RETRIEVE_MORE,RETRIEVE_MORE
495,REPLAN,0.50,REPLAN,TOOL_FIX,TOOL_FIX,REPLAN,RETRIEVE_MORE,REPLAN,RETRIEVE_MORE,RETRIEVE_MORE,RETRIEVE_MORE,RETRIEVE_MORE,RETRIEVE_MORE,RETRIEVE_MORE,RETRIEVE_MORE
498,REPLAN,0.83,REPLAN,REPLAN,REPLAN,REPLAN,TOOL_FIX,REPLAN,TOOL_FIX,TOOL_FIX,RETRY,TOOL_FIX,TOOL_FIX,RETRY,TOOL_FIX
500,REPLAN,0.83,REPLAN,REPLAN,REPLAN,REPLAN,TOOL_FIX,REPLAN,RETRIEVE_MORE,TOOL_FIX,RETRIEVE_MORE,RETRIEVE_MORE,RETRIEVE_MORE,RETRIEVE_MORE,RETRIEVE_MORE
503,REPLAN,0.83,REPLAN,REPLAN,REPLAN,REPLAN,TOOL_FIX,REPLAN,TOOL_FIX,TOOL_FIX,TOOL_FIX,TOOL_FIX,TOOL_FIX,TOOL_FIX,TOOL_FIX
504,REPLAN,0.83,REPLAN,REPLAN,REPLAN,REPLAN,TOOL_FIX,REPLAN,RETRIEVE_MORE,TOOL_FIX,RETRIEVE_MORE,RETRIEVE_MORE,RETRIEVE_MORE,RETRIEVE_MORE,RETRIEVE_MORE
506,REPLAN,0.50,REPLAN,REPLAN,REPLAN,TOOL_FIX,TOOL_FIX,TOOL_FIX,TOOL_FIX,RETRIEVE_MORE,RETRIEVE_MORE,RETRIEVE_MORE,TOOL_FIX,RETRIEVE_MORE,RETRIEVE_MORE
507,REPLAN,0.83,REPLAN,REPLAN,REPLAN,REPLAN,TOOL_FIX,REPLAN,TOOL_FIX,TOOL_FIX,TOOL_FIX,TOOL_FIX,TOOL_FIX,TOOL_FIX,TOOL_FIX
509,REPLAN,0.83,REPLAN,REPLAN,REPLAN,REPLAN,TOOL_FIX,REPLAN,TOOL_FIX,RETRIEVE_MORE,RETRIEVE_MORE,RETRIEVE_MORE,TOOL_FIX,RETRIEVE_MORE,RETRIEVE_MORE
515,RETRIEVE_MORE,0.83,RETRIEVE_MORE,RETRIEVE_MORE,RETRIEVE_MORE,RETRIEVE_MORE,TOOL_FIX,RETRIEVE_MORE,TOOL_FIX,TOOL_FIX,TOOL_FIX,TOOL_FIX,TOOL_FIX,TOOL_FIX,TOOL_FIX
522,REPLAN,0.83,REPLAN,REPLAN,REPLAN,REPLAN,RETRIEVE_MORE,REPLAN,RETRIEVE_MORE,RETRIEVE_MORE,RETRIEVE_MORE,RETRIEVE_MORE,RETRIEVE_MORE,RETRIEVE_MORE,RETRIEVE_MORE
524,REPLAN,0.83,REPLAN,REPLAN,REPLAN,REPLAN,RETRIEVE_MORE,REPLAN,RETRIEVE_MORE,RETRIEVE_MORE,RETRIEVE_MORE,RETRIEVE_MORE,RETRIEVE_MORE,RETRIEVE_MORE,RETRIEVE_MORE
527,REPLAN,1.00,REPLAN,REPLAN,REPLAN,REPLAN,REPLAN,REPLAN,RETRIEVE_MORE,RETRIEVE_MORE,RETRIEVE_MORE,RETRIEVE_MORE,RETRIEVE_MORE,RETRIEVE_MORE,RETRIEVE_MORE
531,REPLAN,1.00,REPLAN,REPLAN,REPLAN,REPLAN,REPLAN,REPLAN,RETRIEVE_MORE,RETRIEVE_MORE,RETRIEVE_MORE,RETRIEVE_MORE,RETRIEVE_MORE,RETRIEVE_MORE,RETRIEVE_MORE
536,TOOL_FIX,1.00,TOOL_FIX,TOOL_FIX,TOOL_FIX,TOOL_FIX,TOOL_FIX,TOOL_FIX,RETRIEVE_MORE,RETRIEVE_MORE,RETRIEVE_MORE,RETRIEVE_MORE,RETRIEVE_MORE,RETRIEVE_MORE,RETRIEVE_MORE
537,RETRY,1.00,RETRY,RETRY,RETRY,RETRY,RETRY,RETRY,RETRIEVE_MORE,RETRIEVE_MORE,RETRIEVE_MORE,RETRIEVE_MORE,RETRIEVE_MORE,RETRIEVE_MORE,RETRIEVE_MORE
544,REPLAN,0.83,REPLAN,REPLAN,REPLAN,REPLAN,RETRIEVE_MORE,REPLAN,RETRIEVE_MORE,RETRIEVE_MORE,RETRIEVE_MORE,RETRIEVE_MORE,RETRIEVE_MORE,RETRIEVE_MORE,RETRIEVE_MORE
545,RETRY,0.50,RETRY,RETRY,REPLAN,RETRY,ESCALATE,ESCALATE,ESCALATE,ESCALATE,ESCALATE,ESCALATE,ESCALATE,ESCALATE,ESCALATE
546,REPLAN,1.00,REPLAN,REPLAN,REPLAN,REPLAN,REPLAN,REPLAN,RETRIEVE_MORE,RETRIEVE_MORE,RETRIEVE_MORE,RETRIEVE_MORE,RETRIEVE_MORE,RETRIEVE_MORE,RETRIEVE_MORE
547,REPLAN,1.00,REPLAN,REPLAN,REPLAN,REPLAN,REPLAN,REPLAN,RETRIEVE_MORE,RETRIEVE_MORE,RETRIEVE_MORE,RETRIEVE_MORE,RETRIEVE_MORE,RETRIEVE_MORE,RETRIEVE_MORE
550,REPLAN,0.83,REPLAN,REPLAN,REPLAN,REPLAN,RETRIEVE_MORE,REPLAN,RETRIEVE_MORE,RETRIEVE_MORE,RETRIEVE_MORE,RETRIEVE_MORE,RETRIEVE_MORE,RETRIEVE_MORE,RETRIEVE_MORE
557,REPLAN,1.00,REPLAN,REPLAN,REPLAN,REPLAN,REPLAN,REPLAN,RETRIEVE_MORE,RETRIEVE_MORE,RETRIEVE_MORE,RETRIEVE_MORE,RETRIEVE_MORE,RETRIEVE_MORE,RETRIEVE_MORE
558,REPLAN,1.00,REPLAN,REPLAN,REPLAN,REPLAN,REPLAN,REPLAN,RETRIEVE_MORE,RETRIEVE_MORE,ESCALATE,ESCALATE,RETRIEVE_MORE,ESCALATE,RETRIEVE_MORE
561,REPLAN,0.83,REPLAN,REPLAN,REPLAN,REPLAN,RETRIEVE_MORE,REPLAN,RETRIEVE_MORE,RETRIEVE_MORE,RETRIEVE_MORE,RETRIEVE_MORE,RETRIEVE_MORE,RETRIEVE_MORE,RETRIEVE_MORE
567,REPLAN,1.00,REPLAN,REPLAN,REPLAN,REPLAN,REPLAN,REPLAN,RETRIEVE_MORE,RETRIEVE_MORE,RETRY,RETRIEVE_MORE,RETRIEVE_MORE,RETRY,RETRIEVE_MORE
569,REPLAN,1.00,REPLAN,REPLAN,REPLAN,REPLAN,REPLAN,REPLAN,RETRIEVE_MORE,RETRY,RETRIEVE_MORE,RETRIEVE_MORE,RETRIEVE_MORE,RETRIEVE_MORE,RETRIEVE_MORE
571,REPLAN,1.00,REPLAN,REPLAN,REPLAN,REPLAN,REPLAN,REPLAN,RETRIEVE_MORE,RETRIEVE_MORE,RETRIEVE_MORE,RETRIEVE_MORE,RETRIEVE_MORE,RETRIEVE_MORE,RETRIEVE_MORE
572,REPLAN,0.83,REPLAN,REPLAN,RETRY,REPLAN,REPLAN,REPLAN,RETRIEVE_MORE,RETRIEVE_MORE,RETRIEVE_MORE,RETRIEVE_MORE,RETRIEVE_MORE,RETRIEVE_MORE,RETRIEVE_MORE
575,REPLAN,1.00,REPLAN,REPLAN,REPLAN,REPLAN,REPLAN,REPLAN,RETRIEVE_MORE,RETRIEVE_MORE,RETRIEVE_MORE,RETRIEVE_MORE,RETRIEVE_MORE,RETRIEVE_MORE,RETRIEVE_MORE
577,REPLAN,0.83,REPLAN,REPLAN,REPLAN,REPLAN,RETRIEVE_MORE,REPLAN,RETRIEVE_MORE,RETRIEVE_MORE,RETRIEVE_MORE,RETRIEVE_MORE,RETRIEVE_MORE,RETRIEVE_MORE,RETRIEVE_MORE
583,REPLAN,0.83,REPLAN,REPLAN,REPLAN,REPLAN,RETRIEVE_MORE,REPLAN,RETRIEVE_MORE,RETRIEVE_MORE,RETRIEVE_MORE,RETRIEVE_MORE,RETRIEVE_MORE,RETRIEVE_MORE,RETRIEVE_MORE
584,RETRIEVE_MORE,1.00,RETRIEVE_MORE,RETRIEVE_MORE,RETRIEVE_MORE,RETRIEVE_MORE,RETRIEVE_MORE,RETRIEVE_MORE,REPLAN,REPLAN,RETRY,RETRY,REPLAN,RETRY,REPLAN
585,REPLAN,1.00,REPLAN,REPLAN,REPLAN,REPLAN,REPLAN,REPLAN,RETRIEVE_MORE,RETRIEVE_MORE,RETRIEVE_MORE,RETRIEVE_MORE,RETRIEVE_MORE,RETRIEVE_MORE,RETRIEVE_MORE
590,REPLAN,0.83,REPLAN,REPLAN,RETRIEVE_MORE,REPLAN,REPLAN,REPLAN,RETRIEVE_MORE,RETRIEVE_MORE,RETRIEVE_MORE,RETRIEVE_MORE,RETRIEVE_MORE,RETRIEVE_MORE,RETRIEVE_MORE
599,REPLAN,1.00,REPLAN,REPLAN,REPLAN,REPLAN,REPLAN,REPLAN,RETRIEVE_MORE,RETRIEVE_MORE,RETRY,RETRY,RETRIEVE_MORE,RETRY,RETRIEVE_MORE
600,REPLAN,1.00,REPLAN,REPLAN,REPLAN,REPLAN,REPLAN,REPLAN,RETRIEVE_MORE,RETRIEVE_MORE,RETRY,RETRY,RETRIEVE_MORE,RETRY,RETRIEVE_MORE
601,REPLAN,0.83,REPLAN,REPLAN,REPLAN,REPLAN,RETRIEVE_MORE,REPLAN,RETRIEVE_MORE,RETRIEVE_MORE,RETRIEVE_MORE,RETRY,RETRIEVE_MORE,RETRIEVE_MORE,RETRIEVE_MORE
604,REPLAN,0.83,REPLAN,REPLAN,REPLAN,REPLAN,RETRIEVE_MORE,REPLAN,RETRIEVE_MORE,RETRIEVE_MORE,RETRIEVE_MORE,RETRIEVE_MORE,RETRIEVE_MORE,RETRIEVE_MORE,RETRIEVE_MORE
606,REPLAN,1.00,REPLAN,REPLAN,REPLAN,REPLAN,REPLAN,REPLAN,RETRIEVE_MORE,RETRIEVE_MORE,RETRIEVE_MORE,RETRIEVE_MORE,RETRIEVE_MORE,RETRIEVE_MORE,RETRIEVE_MORE
608,RETRIEVE_MORE,0.83,RETRIEVE_MORE,RETRIEVE_MORE,RETRIEVE_MORE,RETRIEVE_MORE,REPLAN,RETRIEVE_MORE,REPLAN,REPLAN,RETRY,REPLAN,REPLAN,RETRY,REPLAN
609,REPLAN,1.00,REPLAN,REPLAN,REPLAN,REPLAN,REPLAN,REPLAN,RETRIEVE_MORE,RETRIEVE_MORE,RETRIEVE_MORE,RETRIEVE_MORE,RETRIEVE_MORE,RETRIEVE_MORE,RETRIEVE_MORE
612,REPLAN,0.50,REPLAN,RETRIEVE_MORE,REPLAN,RETRIEVE_MORE,RETRIEVE_MORE,REPLAN,RETRIEVE_MORE,RETRIEVE_MORE,RETRIEVE_MORE,RETRIEVE_MORE,RETRIEVE_MORE,RETRIEVE_MORE,RETRIEVE_MORE
615,REPLAN,0.33,REPLAN,RETRY,REPLAN,RETRY,RETRIEVE_MORE,RETRIEVE_MORE,RETRIEVE_MORE,RETRY,RETRY,RETRY,RETRIEVE_MORE,RETRY,RETRY
622,RETRIEVE_MORE,1.00,RETRIEVE_MORE,RETRIEVE_MORE,RETRIEVE_MORE,RETRIEVE_MORE,RETRIEVE_MORE,RETRIEVE_MORE,REPLAN,REPLAN,REPLAN,REPLAN,REPLAN,REPLAN,REPLAN
623,REPLAN,1.00,REPLAN,REPLAN,REPLAN,REPLAN,REPLAN,REPLAN,RETRIEVE_MORE,RETRIEVE_MORE,RETRIEVE_MORE,RETRIEVE_MORE,RETRIEVE_MORE,RETRIEVE_MORE,RETRIEVE_MORE
624,REPLAN,1.00,REPLAN,REPLAN,REPLAN,REPLAN,REPLAN,REPLAN,TOOL_FIX,RETRIEVE_MORE,RETRIEVE_MORE,RETRIEVE_MORE,TOOL_FIX,RETRIEVE_MORE,RETRIEVE_MORE
627,REPLAN,0.67,REPLAN,REPLAN,REPLAN,RETRIEVE_MORE,RETRIEVE_MORE,REPLAN,RETRIEVE_MORE,RETRIEVE_MORE,RETRIEVE_MORE,RETRIEVE_MORE,RETRIEVE_MORE,RETRIEVE_MORE,RETRIEVE_MORE
634,REPLAN,0.83,REPLAN,REPLAN,REPLAN,REPLAN,RETRIEVE_MORE,REPLAN,RETRIEVE_MORE,RETRIEVE_MORE,RETRIEVE_MORE,RETRIEVE_MORE,RETRIEVE_MORE,RETRIEVE_MORE,RETRIEVE_MORE
